4 6 8224 8247 8258 6707 3526 2075 
4 3 4631 5159 9182 
4 8 9182 9148 3317 1613 2380 8991 5046 8974 
4 4 4226 6667 1851 4180 
4 8 4180 5644 4724 5331 4537 1715 4291 8485 
4 4 8485 8457 3100 3197 
4 6 5120 984 7986 7928 6696 6511 
4 4 6511 4519 2143 7695 
4 4 7695 5242 510 5623 
4 6 5623 7492 5130 5944 7391 5756 
4 7 5756 7354 502 7321 7308 925 6074 
7308 4 3 7308 925 6074 
4 3 6074 5453 7264 
4 3 7264 2568 3602 
4 7 3602 4284 1046 5499 4807 7173 7179 
4 7 7179 1575 6541 3894 4002 3913 6269 
4 7 2903 4679 7094 7101 7109 7117 6269 
4 8 2075 8236 6548 8215 4876 649 8118 5120 
4 9 5120 2199 6801 5146 4855 8029 7977 2981 3660 
2 7 649 8146 8113 5962 6166 8172 5692 
2 2 8224 5692 
4 11 3197 2274 3015 8306 3797 8256 8235 5786 2293 6833 5120 
3 4 8422 5351 3480 6790 
3 9 6790 123 1463 8829 5969 657 8913 5848 6737 
2 2 6221 8422 
3 4 8422 5336 8368 3526 
3 5 4180 230 5781 5220 6790 
2 7 8422 4698 2149 3017 8509 3728 8485 
3 15 6583 8741 6449 8780 8807 989 4025 8865 6603 8895 8925 8944 8954 5820 5046 
4 8 4226 3720 6810 6737 8934 8965 5548 8974 
2 3 8954 2441 2990 
3 6 9182 9167 9149 1001 3478 9155 
3 6 2380 9051 2645 6263 4487 9044 
3 7 9268 9273 6434 5581 9255 5559 4631 
4 13 4405 6144 3410 9799 6284 4734 9777 9763 9762 2694 9739 9743 4244 
4 14 6144 3410 6420 9811 5583 6826 4262 6279 9859 2141 9865 4534 9851 9842 
3 8 9743 9766 6819 2806 9791 9817 9839 4534 
3 7 9743 9710 4257 9678 9657 2757 1700 
3 9 1700 9573 9579 6278 4304 9540 2957 9471 9457 
4 5 9448 9457 6312 2745 4224 
4 18 4224 9470 3973 9453 497 3439 2206 9500 1111 9576 3172 2608 5291 1723 4638 635 6296 1080 
4 11 9842 570 2714 2853 315 9759 2033 9758 61 9716 1080 
4 7 1080 4559 216 9585 761 5082 2915 
3 9 2915 1864 3061 3378 1421 3853 1582 2956 9041 
4 14 2915 9452 9460 9476 4587 182 3263 553 3932 6471 9432 9418 9414 9401 
4 8 9401 4862 148 4179 2876 1692 6132 2387 
4 11 2387 5038 873 9137 1294 2527 1831 3514 697 5402 9044 
2 16 5818 9878 1695 4262 5155 9788 6244 9777 9747 969 5438 9690 1496 1143 6599 1700 
2 10 1700 545 9613 9601 1707 9559 9533 5751 6253 9500 
2 8 4224 3673 9408 9392 9359 3262 9330 9317 
2 11 5962 2079 8040 7998 7943 3393 6282 7815 2616 6159 7656 
2 3 6696 4583 7943 
2 3 2143 3053 7656 
2 2 2143 3354 
2 3 2568 5114 7229 
2 6 6229 1513 401 7058 165 2109 
2 5 2903 7075 7059 1409 6748 
