1 123 
1 162 
1 657 
1 1080 
1 1143 
1 1700 
1 1715 
1 2075 
1 2079 
1 2143 
1 2380 
1 2714 
1 2981 
1 2990 
1 3015 
1 3133 
1 3410 
1 3526 
1 4180 
1 4224 
1 4262 
1 4534 
1 4631 
1 5082 
1 5120 
1 5159 
1 5438 
1 5548 
1 5692 
1 5818 
1 6458 
1 6583 
1 6790 
1 7492 
1 7656 
1 8146 
1 8256 
1 8422 
1 8485 
1 8895 
1 8954 
1 9044 
1 9155 
1 9268 
1 9317 
1 9338 
1 9457 
1 9500 
1 9743 
1 9777 
1 9791 
1 7354 
1 7308 
1 5453 
1 7264 
1 7229 
1 7173 
1 3894 
1 3913 
1 1513 
1 1509 
1 2956 
1 863 
1 2915 
1 4981 
1 840
1 9879
1 2387
1 9401
1 9039
1 9337
1 4858
1 1949
1 723
1 9467
1 4675
