state={
	id=1
	name="STATE_1"
	history = {
		owner = TST
		add_core_of = TST
	}
	provinces={
		1 2 4 7 10 12 14 15 16 17 20 21 22 23 24 25 28 29 31 32 33 34 35 37 38 39 40 43 47 48 49 50 51 52 56 58 59 63 66 67 69 70 72 73 74 77 78 79 80 82 83 84 87 88 89 92 93 94 95 98 100 103 104 107 111 112 116 122 126 127 131 132 134 136 137 138 140 141 142 147 152 154 156 159 161 163 164 166 170 171 175 176 177 178 183 185 186 188 190 192 193 194 197 199 200 203 205 206 209 210 211 213 214 218 220 221 223 224 225 228 229 232 235 237 240 241 243 245 246 248 253 254 256 257 258 261 262 263 265 268 271 272 273 274 276 278 279 280 281 284 288 289 290 292 293 296 300 302 304 306 307 308 309 310 311 312 313 314 316 319 325 326 327 329 330 336 338 340 341 342 345 346 347 348 350 351 352 353 354 355 359 360 362 363 364 368 373 375 376 377 378 380 382 383 384 390 393 395 396 397 398 406 407 409 416 417 418 421 422 423 429 431 435 436 437 442 444 445 446 448 450 452 454 455 458 460 461 463 464 466 467 468 469 471 472 478 480 481 484 488 490 492 493 494 496 498 499 500 501 506 512 515 516 517 518 519 520 522 523 526 527 528 531 534 537 539 540 541 543 546 549 550 551 552 556 557 559 561 562 563 564 566 568 571 574 577 580 582 584 585 587 588 592 593 594 596 597 599 600 602 604 605 606 607 608 609 610 612 613 614 616 620 625 629 632 633 634 636 637 638 639 640 641 644 646 650 651 654 655 658 661 666 667 669 670 672 676 677 679 680 682 683 686 688 691 693 696 700 701 702 703 705 709 710 711 713 715 716 718 721 724 725 726 727 729 730 732 733 734 735 741 742 743 745 747 748 751 753 754 755 756 757 758 759 760 762 763 764 765 767 771 772 773 776 779 780 782 783 784 785 786 788 789 792 795 797 801 803 804 805 808 810 811 812 813 814 816 818 822 823 824 828 829 830 831 832 835 836 839 841 842 845 846 847 848 849 850 851 852 853 854 855 856 857 860 861 862 864 868 870 871 872 875 876 878 879 880 882 883 886 887 888 889 893 894 895 898 900 901 902 903 905 907 908 911 916 917 919 920 922 924 926 927 930 931 936 937 938 939 940 943 945 946 947 948 949 952 956 959 962 963 964 966 967 968 970 971 972 974 975 976 979 981 983 991 993 995 996 997 998 999 1000 1002 1003 1004 1005 1006 1007 1009 1010 1014 1015 1018 1020 1021 1023 1025 1029 1031 1033 1034 1036 1037 1038 1039 1040 1041 1044 1045 1049 1050 1051 1054 1055 1058 1059 1061 1063 1064 1065 1066 1067 1068 1069 1070 1072 1073 1074 1075 1076 1077 1078 1079 1082 1086 1088 1093 1096 1098 1101 1104 1105 1106 1107 1108 1109 1113 1116 1120 1121 1122 1123 1124 1125 1126 1129 1131 1136 1138 1139 1140 1142 1144 1145 1147 1148 1153 1155 1158 1159 1160 1161 1162 1166 1167 1169 1170 1171 1172 1175 1177 1178 1179 1180 1181 1182 1183 1184 1185 1187 1190 1196 1198 1201 1202 1203 1205 1206 1209 1210 1211 1212 1214 1216 1217 1218 1219 1223 1224 1225 1227 1230 1232 1234 1236 1237 1239 1243 1247 1248 1251 1252 1257 1258 1260 1261 1266 1267 1268 1273 1275 1278 1281 1282 1283 1284 1287 1289 1290 1293 1297 1298 1299 1300 1303 1306 1307 1308 1309 1310 1312 1313 1314 1315 1318 1323 1324 1327 1330 1331 1333 1335 1337 1338 1339 1342 1343 1345 1348 1349 1350 1352 1354 1358 1359 1360 1361 1364 1365 1367 1368 1373 1374 1376 1377 1378 1379 1380 1381 1382 1383 1384 1385 1387 1389 1391 1395 1398 1399 1400 1401 1402 1405 1406 1407 1408 1410 1411 1414 1418 1420 1422 1427 1430 1433 1434 1436 1439 1440 1441 1443 1446 1450 1451 1453 1454 1456 1458 1465 1466 1467 1468 1471 1472 1474 1475 1476 1477 1479 1482 1485 1487 1489 1491 1492 1494 1495 1499 1502 1503 1507 1508 1510 1516 1517 1519 1520 1521 1523 1524 1525 1526 1527 1529 1532 1533 1537 1538 1539 1540 1542 1543 1546 1548 1549 1554 1555 1556 1557 1558 1559 1560 1561 1563 1566 1570 1571 1574 1576 1579 1580 1584 1587 1588 1589 1590 1591 1596 1597 1602 1603 1605 1606 1607 1609 1611 1612 1618 1619 1620 1621 1622 1624 1625 1628 1629 1632 1633 1634 1635 1639 1640 1641 1646 1648 1650 1652 1653 1654 1656 1657 1658 1659 1660 1662 1665 1667 1669 1672 1673 1674 1675 1676 1677 1680 1681 1685 1687 1688 1691 1693 1694 1696 1697 1698 1699 1701 1704 1705 1706 1710 1713 1714 1716 1717 1718 1720 1722 1724 1726 1727 1731 1733 1734 1737 1738 1739 1744 1745 1747 1749 1751 1753 1757 1760 1762 1763 1766 1767 1772 1773 1774 1777 1780 1781 1782 1784 1786 1791 1793 1794 1795 1797 1800 1801 1802 1804 1807 1808 1809 1811 1813 1815 1817 1819 1820 1821 1825 1827 1828 1830 1832 1833 1834 1836 1838 1839 1841 1842 1847 1852 1854 1856 1858 1861 1862 1865 1866 1867 1868 1869 1871 1873 1874 1875 1878 1879 1880 1881 1882 1883 1886 1888 1891 1894 1895 1896 1897 1898 1900 1901 1902 1906 1908 1910 1912 1915 1916 1918 1921 1923 1925 1927 1928 1929 1932 1935 1938 1941 1945 1946 1947 1953 1954 1955 1957 1959 1960 1961 1964 1967 1969 1970 1971 1975 1976 1979 1980 1981 1982 1986 1987 1989 1990 1993 1995 1996 1998 1999 2000 2001 2002 2004 2006 2011 2012 2014 2015 2017 2018 2019 2024 2025 2026 2027 2028 2029 2030 2031 2032 2035 2037 2040 2041 2043 2044 2046 2048 2049 2050 2051 2052 2053 2054 2055 2056 2057 2060 2062 2064 2065 2068 2069 2073 2076 2077 2078 2080 2081 2085 2086 2087 2088 2092 2093 2094 2095 2096 2097 2098 2101 2102 2103 2105 2106 2107 2108 2110 2115 2116 2117 2118 2120 2122 2123 2125 2126 2131 2135 2136 2137 2138 2140 2142 2144 2145 2148 2150 2153 2155 2156 2159 2160 2171 2172 2179 2181 2183 2184 2185 2186 2187 2191 2197 2202 2204 2207 2208 2209 2210 2212 2213 2214 2215 2216 2217 2219 2222 2225 2226 2227 2229 2230 2232 2233 2236 2237 2240 2242 2248 2249 2251 2252 2253 2255 2257 2259 2260 2261 2263 2264 2265 2267 2271 2275 2277 2278 2281 2282 2285 2289 2292 2294 2295 2296 2298 2299 2302 2303 2305 2310 2311 2314 2315 2316 2320 2321 2323 2324 2326 2327 2328 2329 2335 2337 2343 2345 2346 2347 2348 2349 2352 2353 2354 2355 2356 2357 2358 2362 2363 2365 2366 2367 2368 2369 2370 2372 2374 2376 2377 2381 2384 2385 2386 2388 2390 2391 2392 2394 2397 2398 2399 2401 2402 2404 2405 2406 2407 2408 2410 2411 2413 2414 2415 2417 2419 2420 2421 2424 2427 2429 2431 2432 2433 2436 2440 2442 2444 2447 2448 2449 2452 2453 2456 2458 2459 2460 2462 2463 2465 2467 2468 2470 2472 2474 2477 2478 2479 2485 2486 2488 2490 2492 2495 2500 2501 2505 2506 2509 2511 2512 2513 2515 2517 2519 2522 2529 2530 2531 2535 2541 2544 2545 2551 2552 2555 2556 2557 2559 2563 2564 2567 2570 2572 2573 2574 2576 2577 2580 2582 2583 2586 2587 2588 2590 2591 2592 2593 2596 2597 2598 2599 2601 2602 2603 2606 2607 2612 2613 2615 2617 2620 2621 2622 2623 2626 2629 2631 2632 2633 2634 2635 2637 2638 2639 2640 2641 2644 2646 2647 2648 2649 2650 2651 2652 2655 2657 2658 2659 2660 2661 2662 2664 2666 2667 2669 2670 2672 2673 2674 2679 2680 2681 2683 2686 2690 2691 2692 2693 2695 2696 2700 2703 2706 2709 2710 2711 2713 2715 2717 2718 2720 2724 2726 2727 2728 2729 2730 2732 2733 2734 2735 2737 2739 2740 2741 2743 2744 2749 2750 2752 2754 2755 2759 2765 2766 2767 2768 2771 2774 2775 2776 2777 2778 2779 2780 2782 2784 2785 2786 2787 2792 2796 2799 2801 2803 2805 2807 2808 2810 2811 2812 2817 2818 2823 2830 2831 2835 2836 2841 2842 2844 2846 2847 2850 2851 2854 2856 2859 2862 2869 2870 2871 2875 2880 2881 2884 2886 2888 2890 2893 2895 2897 2898 2900 2901 2906 2907 2909 2910 2911 2912 2913 2917 2919 2921 2923 2926 2928 2929 2930 2931 2932 2933 2934 2935 2937 2940 2944 2945 2946 2947 2948 2951 2953 2960 2961 2962 2965 2968 2969 2970 2974 2975 2976 2977 2978 2979 2980 2984 2986 2987 2994 2995 2996 2997 2998 3001 3002 3004 3006 3007 3009 3010 3011 3012 3013 3018 3019 3020 3021 3023 3024 3025 3029 3031 3032 3033 3034 3035 3036 3039 3040 3041 3043 3044 3045 3046 3048 3049 3058 3059 3062 3063 3064 3066 3068 3069 3070 3073 3075 3076 3079 3081 3082 3088 3089 3090 3091 3093 3094 3096 3097 3098 3099 3101 3102 3103 3107 3109 3110 3111 3112 3113 3114 3115 3119 3120 3122 3123 3124 3128 3129 3132 3134 3137 3143 3144 3147 3148 3149 3151 3153 3157 3158 3160 3163 3167 3173 3176 3180 3181 3187 3188 3192 3193 3194 3200 3201 3203 3204 3205 3206 3208 3211 3212 3215 3216 3217 3218 3219 3220 3221 3222 3223 3224 3228 3229 3230 3236 3238 3239 3240 3241 3247 3248 3250 3252 3254 3256 3258 3260 3261 3265 3269 3272 3273 3276 3280 3283 3286 3287 3288 3290 3293 3294 3298 3300 3303 3304 3306 3307 3309 3312 3313 3315 3316 3318 3319 3321 3323 3324 3327 3330 3332 3334 3337 3338 3339 3342 3343 3344 3345 3346 3348 3350 3351 3352 3353 3358 3359 3362 3363 3364 3367 3369 3371 3372 3375 3376 3377 3379 3380 3382 3383 3384 3385 3387 3389 3390 3391 3394 3397 3398 3399 3402 3404 3406 3407 3409 3412 3415 3418 3420 3421 3422 3424 3425 3428 3429 3431 3434 3435 3438 3440 3442 3443 3445 3446 3447 3448 3450 3454 3457 3458 3459 3460 3461 3463 3464 3465 3467 3469 3470 3471 3472 3474 3475 3476 3477 3481 3483 3484 3488 3490 3491 3494 3496 3499 3500 3501 3503 3507 3508 3509 3510 3513 3516 3517 3519 3527 3529 3530 3531 3532 3534 3536 3538 3540 3545 3546 3547 3548 3550 3552 3555 3556 3557 3559 3563 3564 3566 3567 3570 3571 3573 3574 3575 3577 3578 3581 3583 3585 3586 3589 3591 3594 3597 3599 3600 3601 3603 3605 3606 3611 3614 3615 3621 3622 3623 3624 3625 3627 3628 3629 3630 3631 3632 3634 3640 3641 3642 3643 3644 3645 3646 3649 3651 3652 3653 3654 3655 3657 3658 3661 3664 3666 3667 3669 3671 3674 3675 3676 3677 3680 3681 3682 3683 3684 3685 3689 3690 3692 3694 3696 3697 3699 3700 3701 3702 3703 3704 3706 3707 3709 3714 3716 3719 3723 3725 3727 3730 3731 3732 3736 3739 3741 3745 3746 3747 3748 3751 3755 3758 3759 3760 3762 3763 3766 3767 3768 3770 3773 3774 3775 3776 3778 3780 3781 3782 3784 3785 3786 3788 3789 3791 3792 3793 3798 3799 3800 3801 3802 3803 3805 3806 3808 3810 3811 3812 3813 3815 3816 3817 3818 3820 3822 3824 3825 3826 3827 3828 3831 3833 3835 3837 3841 3843 3844 3847 3848 3849 3850 3851 3852 3854 3856 3857 3859 3865 3867 3870 3871 3872 3873 3878 3879 3880 3881 3884 3887 3889 3895 3897 3898 3900 3901 3902 3903 3906 3907 3908 3910 3911 3912 3915 3916 3917 3918 3920 3925 3927 3930 3931 3933 3934 3937 3938 3941 3943 3944 3945 3946 3947 3949 3950 3951 3952 3953 3954 3955 3956 3959 3960 3961 3962 3965 3967 3970 3972 3976 3978 3980 3981 3983 3987 3989 3990 3992 3993 3994 3997 3998 3999 4000 4001 4003 4004 4006 4010 4012 4013 4014 4015 4016 4019 4020 4022 4023 4028 4029 4030 4031 4032 4033 4034 4035 4036 4037 4038 4039 4040 4041 4043 4045 4047 4048 4049 4050 4051 4052 4054 4055 4056 4057 4058 4059 4061 4063 4065 4069 4070 4073 4074 4076 4077 4078 4079 4083 4086 4087 4088 4089 4090 4091 4093 4094 4095 4097 4098 4102 4104 4106 4109 4110 4114 4115 4116 4117 4118 4119 4120 4122 4123 4126 4127 4128 4129 4130 4131 4133 4136 4139 4140 4141 4142 4144 4146 4147 4148 4150 4151 4152 4153 4155 4159 4161 4163 4169 4170 4171 4172 4173 4174 4176 4178 4181 4183 4184 4186 4187 4194 4196 4197 4198 4200 4203 4204 4207 4211 4212 4215 4216 4218 4219 4220 4221 4223 4230 4231 4232 4233 4234 4235 4237 4238 4239 4243 4245 4246 4247 4249 4251 4253 4254 4255 4256 4259 4261 4263 4264 4269 4270 4271 4275 4276 4278 4279 4281 4282 4285 4286 4288 4293 4294 4295 4296 4297 4300 4302 4303 4306 4308 4309 4311 4312 4313 4314 4315 4317 4319 4320 4321 4322 4323 4324 4326 4327 4328 4329 4330 4331 4332 4334 4335 4336 4337 4338 4339 4340 4341 4343 4344 4345 4347 4348 4351 4353 4356 4358 4360 4361 4362 4363 4365 4367 4368 4369 4372 4373 4379 4380 4381 4382 4384 4388 4389 4392 4393 4395 4396 4397 4398 4399 4400 4401 4402 4403 4404 4407 4408 4409 4410 4411 4413 4415 4417 4418 4423 4424 4425 4427 4428 4429 4430 4431 4435 4436 4438 4441 4442 4443 4447 4448 4450 4454 4456 4459 4462 4463 4464 4465 4467 4471 4472 4474 4475 4476 4477 4478 4479 4480 4481 4483 4484 4486 4488 4492 4493 4494 4497 4500 4501 4502 4504 4505 4506 4507 4509 4511 4512 4516 4517 4518 4524 4526 4528 4529 4530 4533 4536 4540 4541 4544 4549 4550 4551 4554 4558 4564 4565 4567 4568 4571 4572 4573 4575 4577 4579 4580 4582 4584 4585 4586 4588 4591 4593 4594 4597 4599 4600 4603 4605 4606 4610 4611 4612 4615 4616 4620 4621 4622 4627 4628 4629 4630 4634 4635 4636 4640 4641 4644 4648 4651 4653 4654 4656 4660 4662 4666 4667 4671 4672 4674 4676 4680 4681 4683 4684 4685 4687 4689 4690 4692 4696 4697 4701 4702 4703 4705 4709 4710 4711 4713 4716 4717 4718 4719 4721 4725 4728 4729 4732 4733 4735 4736 4738 4739 4741 4745 4746 4749 4750 4752 4753 4754 4755 4756 4757 4758 4759 4760 4761 4762 4764 4766 4771 4774 4776 4777 4779 4780 4781 4785 4786 4787 4788 4789 4790 4791 4793 4794 4797 4798 4799 4800 4802 4803 4804 4805 4806 4809 4810 4813 4815 4816 4817 4818 4819 4825 4827 4828 4829 4831 4833 4834 4835 4837 4838 4839 4840 4841 4842 4843 4844 4846 4847 4850 4851 4853 4860 4863 4865 4867 4869 4870 4871 4872 4877 4878 4879 4882 4884 4885 4888 4889 4890 4892 4894 4895 4897 4898 4902 4904 4907 4913 4914 4915 4916 4917 4919 4921 4923 4925 4926 4927 4928 4929 4930 4931 4932 4934 4935 4936 4939 4941 4942 4945 4946 4948 4949 4951 4952 4953 4957 4958 4959 4960 4961 4963 4964 4965 4966 4967 4970 4971 4972 4973 4974 4975 4976 4977 4978 4980 4983 4984 4985 4991 4992 4994 4997 4999 5002 5005 5006 5007 5008 5009 5010 5011 5012 5013 5014 5016 5017 5021 5022 5023 5024 5026 5029 5030 5032 5035 5037 5039 5043 5045 5047 5048 5049 5050 5051 5052 5054 5055 5056 5057 5059 5060 5062 5063 5064 5065 5066 5067 5071 5072 5073 5074 5077 5079 5080 5081 5084 5085 5087 5089 5090 5091 5093 5094 5095 5096 5097 5098 5100 5103 5104 5105 5106 5107 5108 5109 5110 5111 5113 5115 5116 5119 5121 5122 5126 5128 5131 5132 5133 5134 5135 5136 5137 5138 5139 5141 5142 5144 5145 5147 5149 5151 5153 5154 5156 5161 5163 5168 5171 5174 5175 5177 5184 5186 5189 5190 5194 5196 5197 5198 5201 5202 5206 5207 5210 5211 5212 5213 5214 5215 5216 5219 5221 5223 5225 5229 5230 5231 5232 5233 5234 5235 5237 5238 5239 5240 5245 5246 5247 5248 5249 5250 5251 5252 5253 5255 5256 5257 5258 5259 5260 5261 5264 5267 5269 5271 5272 5273 5274 5275 5276 5277 5278 5282 5283 5285 5286 5288 5289 5290 5294 5298 5300 5301 5302 5304 5305 5307 5308 5309 5310 5312 5313 5315 5318 5319 5320 5322 5323 5325 5326 5327 5328 5333 5334 5335 5338 5339 5340 5341 5342 5343 5344 5345 5346 5348 5350 5352 5353 5354 5355 5357 5358 5359 5360 5361 5362 5364 5366 5367 5368 5369 5371 5373 5375 5377 5378 5380 5381 5382 5383 5384 5385 5387 5388 5390 5391 5392 5393 5394 5395 5396 5398 5399 5403 5404 5406 5407 5408 5410 5411 5412 5413 5414 5415 5416 5417 5420 5422 5423 5424 5427 5428 5429 5431 5432 5436 5437 5441 5442 5443 5445 5446 5447 5448 5449 5450 5455 5456 5459 5462 5464 5467 5469 5471 5474 5476 5477 5479 5481 5483 5484 5486 5488 5489 5491 5492 5495 5497 5498 5500 5501 5502 5504 5505 5507 5509 5511 5512 5513 5518 5520 5523 5525 5526 5528 5531 5533 5534 5536 5538 5541 5542 5543 5544 5545 5547 5549 5550 5552 5554 5555 5556 5557 5558 5560 5561 5562 5563 5564 5565 5566 5567 5568 5569 5570 5572 5573 5574 5575 5576 5578 5579 5580 5582 5587 5589 5594 5595 5599 5600 5603 5604 5606 5607 5610 5612 5613 5615 5618 5619 5620 5622 5624 5626 5627 5628 5630 5631 5632 5633 5635 5636 5637 5638 5639 5640 5641 5642 5646 5648 5649 5650 5651 5653 5654 5655 5657 5658 5663 5664 5665 5666 5667 5668 5669 5670 5673 5674 5675 5677 5678 5680 5681 5684 5685 5686 5687 5688 5690 5694 5697 5698 5699 5700 5701 5702 5706 5708 5709 5714 5715 5716 5717 5718 5719 5721 5726 5729 5730 5733 5734 5735 5736 5737 5738 5739 5742 5743 5744 5745 5746 5750 5752 5758 5759 5760 5761 5762 5764 5766 5769 5772 5774 5775 5777 5779 5782 5783 5785 5789 5791 5794 5795 5798 5800 5801 5802 5803 5804 5805 5806 5807 5809 5811 5813 5814 5815 5816 5819 5821 5822 5825 5826 5828 5829 5830 5833 5834 5835 5836 5837 5838 5839 5840 5841 5842 5843 5844 5845 5847 5849 5850 5851 5852 5856 5857 5858 5860 5863 5865 5867 5871 5873 5874 5875 5876 5877 5878 5879 5880 5882 5884 5885 5886 5887 5888 5891 5892 5893 5894 5896 5898 5903 5904 5905 5907 5908 5909 5911 5912 5913 5914 5915 5917 5918 5920 5921 5924 5925 5926 5928 5932 5933 5935 5937 5938 5939 5940 5941 5942 5945 5946 5948 5949 5950 5951 5953 5954 5956 5957 5958 5959 5960 5961 5963 5964 5965 5966 5968 5971 5972 5973 5974 5977 5980 5982 5984 5985 5993 5996 5997 5998 5999 6001 6002 6003 6004 6005 6006 6009 6014 6016 6018 6019 6021 6022 6023 6024 6025 6026 6027 6031 6032 6033 6034 6036 6037 6038 6039 6041 6042 6044 6047 6049 6051 6052 6054 6055 6056 6057 6058 6059 6061 6062 6063 6064 6065 6066 6072 6077 6078 6081 6083 6084 6085 6086 6087 6088 6090 6094 6095 6096 6097 6098 6099 6100 6101 6103 6104 6108 6110 6113 6114 6116 6119 6121 6122 6123 6128 6129 6131 6133 6136 6137 6138 6140 6141 6143 6145 6148 6149 6150 6152 6153 6157 6161 6162 6163 6165 6167 6168 6170 6171 6172 6175 6181 6182 6183 6186 6187 6188 6189 6193 6196 6197 6198 6199 6200 6202 6206 6207 6208 6209 6210 6213 6214 6217 6218 6220 6222 6225 6227 6230 6231 6232 6234 6236 6237 6238 6239 6240 6243 6248 6249 6250 6251 6252 6254 6255 6259 6260 6261 6262 6264 6266 6267 6268 6271 6275 6280 6285 6286 6287 6288 6289 6291 6293 6294 6295 6297 6300 6301 6302 6305 6306 6307 6309 6310 6311 6313 6314 6315 6316 6321 6323 6324 6325 6326 6327 6328 6329 6332 6334 6335 6336 6337 6339 6341 6342 6345 6347 6348 6349 6350 6351 6352 6354 6355 6356 6357 6358 6361 6362 6364 6365 6369 6370 6371 6372 6374 6375 6377 6379 6381 6382 6383 6384 6387 6390 6392 6395 6396 6397 6401 6402 6405 6406 6407 6409 6410 6411 6413 6414 6416 6418 6423 6424 6427 6432 6433 6435 6436 6437 6438 6439 6441 6443 6448 6450 6451 6452 6453 6454 6455 6456 6457 6458 6460 6461 6462 6463 6464 6466 6467 6468 6469 6475 6476 6477 6478 6479 6480 6482 6484 6485 6486 6488 6489 6490 6491 6492 6493 6494 6495 6498 6499 6500 6501 6503 6505 6507 6509 6510 6513 6514 6515 6516 6517 6518 6520 6523 6524 6526 6527 6528 6529 6532 6534 6535 6536 6537 6538 6540 6542 6543 6545 6546 6547 6549 6551 6552 6553 6554 6555 6556 6559 6562 6566 6567 6569 6570 6572 6573 6574 6575 6576 6578 6579 6581 6582 6585 6587 6588 6592 6598 6600 6601 6604 6605 6606 6608 6610 6612 6613 6614 6619 6620 6621 6622 6624 6625 6627 6629 6630 6631 6632 6634 6636 6637 6638 6639 6640 6641 6646 6647 6650 6654 6655 6656 6657 6658 6660 6661 6662 6663 6665 6668 6669 6671 6673 6674 6675 6677 6679 6680 6681 6682 6683 6685 6687 6688 6689 6690 6692 6693 6694 6697 6700 6701 6703 6705 6706 6713 6714 6717 6718 6720 6721 6722 6723 6724 6727 6728 6732 6733 6734 6735 6736 6739 6742 6745 6747 6749 6752 6753 6754 6755 6757 6758 6760 6767 6768 6770 6771 6772 6775 6777 6778 6780 6781 6784 6789 6791 6793 6794 6796 6798 6800 6802 6804 6805 6809 6811 6813 6814 6815 6816 6817 6820 6822 6825 6828 6829 6830 6831 6832 6835 6837 6838 6840 6842 6843 6844 6851 6852 6853 6854 6855 6856 6857 6858 6859 6861 6862 6863 6864 6867 6868 6869 6870 6871 6872 6874 6875 6876 6877 6879 6880 6881 6882 6884 6885 6887 6888 6889 6890 6891 6892 6894 6895 6896 6897 6898 6899 6900 6901 6902 6903 6904 6905 6907 6908 6909 6910 6911 6912 6913 6914 6915 6916 6917 6918 6919 6920 6921 6922 6923 6924 6925 6926 6927 6928 6929 6930 6931 6933 6935 6937 6938 6939 6940 6941 6942 6943 6944 6946 6947 6948 6950 6951 6952 6953 6954 6955 6957 6958 6959 6960 6961 6962 6965 6966 6967 6968 6969 6970 6971 6972 6973 6974 6975 6976 6977 6978 6979 6980 6981 6983 6984 6985 6987 6989 6990 6991 6992 6993 6994 6995 6996 6998 6999 7000 7001 7002 7003 7004 7005 7006 7007 7008 7010 7011 7012 7013 7015 7016 7018 7019 7020 7021 7022 7023 7024 7027 7028 7029 7030 7031 7032 7033 7035 7036 7037 7038 7039 7040 7041 7042 7043 7044 7047 7048 7049 7050 7051 7052 7053 7054 7055 7057 7061 7063 7064 7065 7066 7067 7068 7069 7070 7071 7073 7074 7077 7078 7079 7080 7081 7082 7084 7085 7086 7087 7088 7089 7090 7091 7092 7093 7095 7098 7099 7100 7102 7103 7104 7105 7106 7107 7108 7110 7111 7112 7113 7114 7118 7119 7120 7121 7122 7123 7124 7125 7126 7128 7129 7130 7131 7134 7135 7136 7138 7140 7141 7142 7144 7145 7148 7149 7150 7151 7153 7155 7156 7157 7158 7160 7163 7164 7166 7167 7170 7172 7174 7175 7176 7177 7178 7180 7181 7183 7185 7187 7188 7189 7190 7191 7192 7193 7194 7198 7200 7201 7202 7203 7207 7215 7216 7217 7218 7220 7221 7222 7223 7224 7226 7227 7228 7230 7232 7235 7238 7241 7247 7248 7251 7253 7254 7255 7256 7257 7258 7259 7261 7268 7272 7274 7275 7276 7277 7279 7280 7282 7285 7290 7291 7294 7296 7299 7300 7301 7302 7305 7306 7307 7310 7312 7314 7315 7319 7320 7322 7325 7327 7329 7332 7333 7337 7340 7342 7345 7347 7351 7352 7356 7357 7358 7361 7362 7364 7365 7366 7367 7369 7370 7372 7374 7375 7376 7378 7380 7381 7382 7384 7387 7388 7390 7392 7393 7394 7396 7397 7398 7399 7400 7405 7406 7410 7411 7412 7413 7416 7417 7418 7419 7420 7423 7426 7427 7431 7432 7433 7437 7438 7439 7440 7441 7442 7444 7446 7449 7450 7452 7453 7455 7456 7457 7458 7459 7460 7461 7462 7463 7464 7465 7467 7468 7469 7470 7471 7472 7473 7475 7476 7478 7479 7483 7484 7486 7487 7491 7493 7495 7498 7502 7505 7507 7509 7510 7511 7512 7513 7519 7520 7521 7524 7525 7526 7527 7528 7530 7531 7532 7533 7535 7536 7537 7539 7540 7541 7542 7543 7544 7545 7547 7550 7554 7555 7557 7560 7561 7562 7563 7566 7568 7569 7570 7571 7572 7573 7575 7576 7578 7579 7580 7581 7582 7583 7584 7587 7588 7589 7590 7591 7593 7596 7597 7598 7599 7601 7602 7603 7604 7605 7607 7608 7609 7610 7611 7614 7615 7618 7619 7621 7622 7623 7624 7626 7627 7628 7629 7630 7631 7633 7634 7635 7636 7637 7638 7639 7640 7641 7642 7643 7644 7645 7646 7647 7648 7649 7651 7652 7654 7658 7659 7660 7661 7662 7663 7665 7666 7667 7668 7669 7670 7671 7672 7674 7675 7676 7677 7678 7679 7680 7681 7682 7683 7684 7685 7686 7687 7688 7689 7691 7692 7693 7694 7696 7698 7699 7702 7703 7705 7706 7707 7708 7709 7710 7711 7712 7713 7714 7715 7716 7718 7719 7720 7722 7723 7724 7725 7726 7728 7729 7732 7733 7736 7737 7738 7740 7741 7742 7746 7751 7752 7753 7754 7755 7756 7757 7758 7760 7761 7762 7763 7764 7765 7766 7768 7770 7771 7772 7773 7774 7775 7777 7778 7779 7781 7782 7783 7784 7785 7786 7787 7788 7789 7791 7792 7793 7796 7797 7798 7799 7800 7801 7802 7803 7804 7805 7806 7807 7808 7809 7810 7811 7812 7813 7814 7816 7817 7818 7820 7821 7822 7823 7824 7825 7827 7828 7829 7830 7831 7832 7833 7834 7835 7836 7837 7840 7842 7843 7844 7845 7846 7847 7848 7849 7850 7851 7852 7853 7854 7855 7856 7857 7859 7862 7863 7865 7867 7868 7869 7870 7871 7872 7873 7874 7875 7876 7877 7878 7879 7880 7881 7882 7883 7884 7885 7886 7887 7888 7889 7890 7891 7892 7893 7895 7896 7897 7901 7902 7903 7904 7905 7908 7909 7910 7911 7912 7913 7914 7915 7916 7917 7918 7919 7921 7922 7923 7924 7925 7926 7929 7930 7931 7932 7933 7934 7935 7938 7939 7941 7942 7944 7945 7946 7949 7950 7952 7953 7954 7955 7956 7957 7958 7959 7960 7961 7962 7964 7965 7966 7967 7968 7969 7970 7972 7973 7974 7975 7976 7979 7980 7982 7983 7984 7985 7987 7990 7991 7992 7993 7995 7996 7997 8000 8001 8002 8004 8005 8006 8007 8008 8009 8010 8011 8012 8013 8014 8015 8016 8017 8018 8019 8020 8021 8022 8023 8024 8025 8026 8027 8028 8030 8031 8032 8033 8034 8035 8036 8037 8038 8039 8041 8042 8046 8047 8048 8050 8051 8052 8053 8055 8056 8057 8058 8059 8060 8061 8062 8063 8064 8065 8067 8068 8069 8070 8072 8073 8074 8075 8076 8077 8078 8080 8081 8082 8083 8085 8086 8087 8088 8089 8090 8091 8092 8094 8095 8096 8098 8099 8100 8101 8103 8104 8105 8106 8107 8108 8110 8111 8112 8114 8115 8116 8117 8119 8122 8123 8125 8126 8127 8128 8129 8131 8132 8133 8135 8136 8137 8138 8140 8141 8142 8144 8145 8148 8149 8150 8152 8153 8154 8155 8158 8160 8161 8163 8164 8165 8166 8168 8169 8170 8171 8173 8174 8175 8179 8180 8181 8182 8183 8185 8186 8189 8190 8191 8192 8193 8194 8195 8196 8197 8199 8200 8201 8202 8204 8205 8207 8208 8209 8210 8212 8213 8216 8217 8218 8219 8220 8221 8223 8226 8227 8228 8229 8230 8234 8238 8240 8241 8242 8243 8244 8245 8246 8249 8250 8252 8253 8254 8260 8261 8262 8264 8266 8267 8268 8269 8270 8272 8273 8274 8275 8276 8277 8278 8279 8281 8282 8283 8285 8286 8287 8289 8290 8291 8292 8294 8295 8296 8298 8299 8300 8301 8302 8303 8304 8305 8308 8311 8312 8314 8315 8316 8317 8321 8322 8323 8324 8325 8326 8327 8328 8329 8330 8331 8332 8333 8336 8337 8338 8339 8340 8341 8342 8343 8344 8345 8347 8348 8349 8350 8353 8355 8356 8357 8359 8360 8362 8363 8364 8365 8366 8369 8370 8371 8372 8375 8376 8377 8378 8379 8380 8383 8385 8386 8387 8389 8390 8391 8392 8393 8394 8395 8396 8397 8399 8400 8401 8402 8403 8404 8405 8406 8408 8410 8411 8413 8414 8417 8418 8420 8421 8423 8425 8426 8427 8428 8429 8433 8434 8435 8437 8438 8440 8441 8442 8443 8445 8446 8447 8450 8451 8453 8454 8455 8456 8458 8459 8460 8462 8463 8465 8466 8467 8468 8469 8470 8471 8475 8476 8477 8478 8479 8480 8481 8482 8484 8486 8487 8488 8490 8491 8492 8494 8495 8496 8497 8498 8501 8502 8503 8504 8505 8506 8507 8508 8510 8511 8514 8515 8518 8519 8520 8522 8524 8525 8526 8528 8529 8530 8531 8532 8533 8534 8536 8537 8538 8539 8540 8541 8542 8543 8546 8547 8549 8550 8551 8553 8554 8555 8556 8557 8558 8560 8561 8562 8565 8566 8567 8568 8569 8570 8571 8572 8574 8576 8577 8579 8580 8581 8582 8583 8584 8585 8589 8590 8591 8592 8593 8594 8597 8598 8599 8606 8607 8608 8609 8611 8612 8613 8614 8616 8617 8619 8620 8622 8623 8624 8625 8626 8627 8628 8629 8631 8632 8633 8634 8635 8636 8637 8638 8639 8643 8644 8645 8646 8647 8648 8649 8650 8651 8652 8653 8654 8655 8656 8657 8658 8659 8660 8661 8663 8664 8665 8667 8670 8671 8672 8673 8674 8675 8676 8677 8679 8681 8682 8684 8685 8686 8688 8689 8691 8692 8694 8696 8698 8700 8701 8704 8705 8706 8708 8709 8710 8711 8712 8713 8714 8715 8716 8717 8718 8720 8721 8722 8723 8725 8726 8727 8728 8729 8730 8731 8732 8733 8734 8735 8738 8739 8740 8742 8743 8744 8745 8746 8748 8749 8751 8752 8753 8754 8755 8757 8758 8759 8761 8762 8764 8765 8766 8767 8768 8769 8770 8772 8773 8774 8775 8777 8778 8779 8783 8784 8785 8786 8787 8789 8790 8791 8792 8793 8795 8797 8798 8799 8800 8803 8804 8805 8808 8809 8811 8812 8813 8814 8815 8816 8817 8819 8820 8822 8823 8825 8826 8827 8828 8831 8832 8833 8834 8835 8836 8837 8838 8839 8840 8841 8842 8844 8845 8846 8847 8848 8849 8850 8851 8853 8854 8855 8858 8859 8860 8861 8862 8864 8867 8868 8869 8870 8871 8872 8873 8875 8876 8877 8878 8879 8880 8881 8883 8884 8885 8886 8887 8888 8890 8891 8892 8893 8896 8897 8899 8900 8901 8902 8903 8904 8905 8906 8908 8909 8910 8911 8912 8916 8917 8918 8919 8920 8922 8923 8924 8926 8928 8929 8930 8931 8933 8936 8939 8940 8941 8942 8947 8949 8950 8951 8955 8956 8957 8958 8959 8961 8962 8963 8964 8968 8969 8970 8971 8972 8973 8976 8977 8980 8981 8982 8983 8984 8986 8987 8988 8989 8990 8992 8993 8994 8998 8999 9000 9001 9002 9003 9006 9007 9008 9010 9011 9012 9014 9015 9016 9017 9018 9020 9021 9024 9026 9027 9029 9030 9032 9033 9034 9035 9036 9040 9046 9047 9048 9050 9053 9054 9055 9056 9057 9058 9060 9064 9065 9066 9067 9071 9073 9074 9076 9077 9078 9079 9080 9081 9082 9084 9085 9086 9087 9088 9089 9090 9093 9094 9095 9096 9101 9103 9104 9106 9108 9109 9110 9112 9113 9114 9115 9116 9119 9120 9121 9122 9123 9125 9127 9128 9129 9130 9134 9135 9136 9138 9139 9140 9142 9143 9144 9145 9146 9151 9154 9156 9157 9159 9160 9162 9163 9164 9165 9166 9169 9170 9171 9172 9173 9176 9177 9178 9179 9180 9183 9185 9186 9187 9189 9190 9191 9192 9194 9195 9196 9197 9198 9200 9202 9204 9205 9206 9207 9208 9209 9210 9211 9212 9213 9215 9216 9217 9218 9219 9220 9221 9223 9224 9226 9227 9228 9231 9233 9234 9235 9236 9237 9239 9240 9241 9242 9243 9244 9246 9247 9248 9249 9250 9252 9253 9254 9256 9257 9258 9259 9260 9261 9265 9266 9267 9270 9272 9274 9275 9277 9278 9279 9280 9281 9282 9284 9286 9287 9288 9290 9291 9292 9293 9294 9297 9298 9301 9303 9304 9305 9309 9310 9312 9314 9315 9316 9318 9319 9320 9321 9323 9324 9325 9327 9328 9332 9335 9339 9341 9343 9344 9345 9346 9347 9350 9351 9353 9355 9356 9358 9362 9363 9364 9365 9366 9367 9370 9371 9372 9374 9375 9376 9380 9384 9388 9389 9390 9393 9394 9395 9396 9397 9398 9399 9403 9407 9409 9410 9411 9415 9417 9419 9420 9424 9428 9429 9430 9434 9435 9436 9443 9444 9445 9446 9449 9450 9455 9459 9463 9474 9478 9481 9482 9484 9488 9492 9495 9496 9499 9502 9503 9505 9506 9507 9508 9511 9514 9515 9520 9521 9526 9529 9531 9542 9543 9544 9545 9546 9550 9552 9554 9557 9560 9563 9564 9568 9569 9571 9572 9577 9582 9583 9587 9588 9589 9590 9591 9592 9593 9594 9596 9600 9603 9606 9608 9609 9610 9611 9614 9615 9616 9617 9618 9619 9621 9622 9624 9627 9629 9630 9631 9633 9635 9636 9637 9640 9643 9644 9645 9646 9647 9648 9651 9652 9654 9656 9658 9659 9661 9662 9663 9665 9668 9669 9671 9672 9673 9674 9677 9681 9682 9687 9691 9692 9693 9694 9704 9709 9722 9723 9724 9725 9729 9730 9737 9748 9750 9772 9784 9797 9798 9803 9809 9818 9819 9824 9828 9830 9834 9843 9847 9849 9856 9860 9861 9866 9868 9870 9872 9874 9877 9882 9883 9884 9885 9886 9889 9891 9897 9898 9900 9901 9902 9903 9906 9907 9914 9918 9919 9926 9927 9929 9931 9933 9934 9935 9938 9940 9945 9946 9949 9950 9951 9952 9954 9958 9959 9964 9966 9972 9973 9978 9982 9984 9988 9989 10079 10080 10082 10083 10084 10085 10088 10095 10097 10102 10105 10106 10109 10110 10114 10116 10117 10119 10121 10128 10129 10131 10133 10134 10136 10138 10143 10144 10146 10147 10148 10149 10150 10151 10152 10154 10159 10160 10162 10163 10164 10165 10168 10171 10173 10179 10181 10185 10190 10198 10205 10208 10218 10220 10228 10233 10234 10235 10237 10239 10240 10241 10242 10246 10247 10250 10252 10253 10254 10256 10257 10258 10260 10261 10262 10264 10265 10271 10272 10274 10276 10281 10282 10283 10284 10285 10287 10289 10293 10295 10298 10300 10301 10302 10305 10306 10309 10317 10318 10319 10320 10325 10328 10331 10332 10334 10337 10339 10341 10342 10349 10351 10353 10354 10356 10358 10360 10361 10362 10363 10364 10365 10366 10367 10368 10369 10370 10371 10372 10373 10374 10375 10376 10377 10378 10379 10380 10381 10382 10383 10384 10385 10386 10387 10388 10389 10390 10391 10392 10403 10404 10406 10408 10409 10411 10413 10415 10418 10422 10423 10424 10425 10429 10430 10431 10432 10436 10438 10439 10440 10441 10442 10443 10444 10446 10447 10448 10450 10451 10452 10454 10455 10456 10458 10459 10460 10461 10462 10464 10465 10466 10467 10468 10469 10470 10471 10472 10474 
	}
	manpower=100000
	buildings_max_level_factor=1
	state_category=town
	local_supplies=0
}
