state={
	id=11
	name="STATE_11"
	history = {
		owner = TST
		add_core_of = TST
	}
	provinces={
		99 101 120 267 275 371 470 503 511 598 642 648 706 863 958 980 990 1197 1286 1421 1531 1582 1754 1771 1864 1887 1893 1922 1936 2005 2279 2331 2507 2581 2688 2829 2863 2885 2902 2915 2936 2956 3051 3061 3141 3150 3171 3333 3378 3451 3495 3551 3584 3637 3656 3672 3853 3904 3939 3948 3984 3988 4007 4085 4134 4552 4695 4792 4886 4912 5297 5522 5934 5989 6158 6615 6648 6821 8932 8967 9009 9013 9041 9042 9045 9069 9102 9147 9153 9201 9269 9285 9307 9326 9329 9373 9400 9422 9442 9452 13045 13047 13058 13059 13061 
	}
	manpower=0
	buildings_max_level_factor=1.000
	local_supplies=0.000
}
