state={
	id=124
	name="STATE_124"
	history = {
		owner = DAL
		add_core_of = DAL
	}
	provinces={
		321 497 712 1095 1370 1500 1785 1942 2745 2751 2826 2957 3022 3080 3262 3401 3626 3673 3740 3769 3790 3861 3929 3973 4224 4390 4449 4489 4539 4547 4811 5000 5317 5468 5728 5768 5916 6107 6235 6258 6312 6422 6425 6561 6691 6698 6725 6730 6774 9317 9330 9334 9348 9352 9357 9359 9360 9361 9369 9383 9385 9392 9404 9405 9408 9413 9421 9426 9427 9438 9448 9453 9454 9457 9458 9470 9471 9483 9486 9489 9501 9504 9509 9516 9518 9524 9528 9534 9535 9538 9540 9553 
	}
	manpower=0
	buildings_max_level_factor=1.000
	local_supplies=0.000
}
