state={
	id=125
	name="STATE_125"
	history = {
		owner = DTX
		add_core_of = DTX
	}
	provinces={
		105 357 425 969 1134 1695 1988 2047 2119 2141 2422 2464 2514 2600 2685 2694 2806 2816 3196 3209 3253 3299 3326 3410 3518 3819 3829 3883 3971 4107 4201 4217 4244 4257 4262 4405 4419 4421 4458 4498 4534 4578 4590 4734 4767 4849 4864 4873 4938 4940 5020 5155 5180 5296 5438 5493 5583 5724 5773 5818 5859 6030 6120 6144 6146 6192 6244 6279 6284 6420 6429 6765 6803 6819 6826 9696 9697 9708 9710 9711 9712 9714 9726 9732 9734 9736 9739 9743 9744 9747 9762 9763 9766 9770 9777 9781 9782 9787 9788 9791 9792 9799 9801 9805 9810 9811 9812 9817 9826 9829 9832 9833 9835 9836 9839 9840 9842 9851 9852 9853 9855 9859 9865 9871 9876 9878 9881 9892 9904 9908 9915 9921 9936 9941 9943 10414 10416 10417 10419 10420 
	}
	manpower=0
	buildings_max_level_factor=1.000
	local_supplies=0.000
}
