state={
	id=126
	name="STATE_126"
	history = {
		owner = RTX
		add_core_of = RTX
	}
	provinces={
		162 231 291 388 403 495 504 565 623 660 768 827 1396 1442 1469 1509 1671 1770 1952 2082 2231 2284 2439 2516 2758 2764 2864 2866 2954 3054 3170 3270 3305 3444 3823 4167 4177 4191 4240 4604 4607 4617 5303 5517 5532 5992 6376 6487 6618 6818 8914 8915 9075 9083 9126 9222 9225 9263 9283 9338 9378 9379 9381 9391 9487 9532 9567 13044 13046 
	}
	manpower=0
	buildings_max_level_factor=1.000
	local_supplies=0.000
}
