state={
	id=128
	name="STATE_128"
	history = {
		owner = FNT
		add_core_of = FNT
	}
	provinces={
		130 189 315 1157 1375 1511 1551 1668 1903 2241 2395 2537 2985 3142 3174 3430 3525 3568 3613 3620 3893 4242 4277 4609 4618 4646 5200 5293 5330 5592 6000 6359 6483 9821 9864 9887 9894 9912 9922 9930 9939 9942 9944 9948 9961 9963 9968 9974 9981 9986 9993 9994 9997 10000 10001 10007 10012 10013 10018 10421 10427 10428 13074 13082 
	}
	manpower=0
	buildings_max_level_factor=1.000
	local_supplies=0.000
}
