state={
	id=129
	name="STATE_129"
	history = {
		owner = FNT
		add_core_of = FNT
	}
	provinces={
		19 113 365 1053 1319 1363 1448 1459 1583 1769 1818 1965 2174 2361 2504 2525 2584 2763 2788 2804 2820 2887 2966 3003 3183 3360 3361 3670 3710 3711 3821 3890 3942 3957 4044 4081 4164 4189 4268 4645 4875 4893 4899 4906 5003 5529 5571 5608 5662 5787 6126 6160 6308 6557 6645 6702 9960 10003 10010 10028 10031 10033 10041 10063 10069 10073 10077 10087 10091 10092 10098 10118 10120 10124 10135 10140 10155 10158 10161 10167 10169 10184 10457 10463 13083 13085 13087 13089 
	}
	manpower=0
	buildings_max_level_factor=1.000
	local_supplies=0.000
}
