state={
	id=13
	name="STATE_13"
	history = {
		owner = TST
		add_core_of = TST
	}
	provinces={
		5 64 85 215 432 521 656 796 885 912 1102 1156 1346 1623 1631 1768 1796 1814 1824 1919 1972 2180 2201 2205 2238 2268 2428 2656 2704 2748 2814 2855 3056 3077 3610 3659 3796 3830 3875 4158 4386 4466 4490 4883 4887 5086 5226 5311 5349 5585 5722 5927 6139 6228 6273 6299 6465 6617 6785 7841 7860 7907 7927 7937 7948 7951 7963 7978 7989 7994 8079 8124 8143 8188 8198 8211 8232 8239 8248 8257 8263 8280 8293 8320 8374 
	}
	manpower=0
	buildings_max_level_factor=1.000
	local_supplies=0.000
}
