state={
	id=132
	name="STATE_132"
	history = {
		owner = TST
		add_core_of = TST
	}
	provinces={
		143 174 244 1028 1416 1435 1890 2319 2338 2475 2524 2571 2585 2671 2677 2722 2918 2952 3008 3026 3191 3226 3231 3271 3419 3595 3618 3619 3717 3839 3935 4138 4470 4495 4619 4670 5182 5209 5266 5435 5439 5535 5596 5616 5660 5817 5994 6091 6242 6368 6419 6431 6626 6666 6773 9402 9406 9423 9437 9447 9451 9461 9468 9479 9480 9490 9510 9513 9522 9530 9539 9549 9565 9581 9623 9626 9632 9650 9676 9684 9698 9699 9700 9706 9727 9745 9752 9753 9761 9764 9773 9778 9780 9786 9789 9822 13064 
	}
	manpower=0
	buildings_max_level_factor=1.000
	local_supplies=0.000
}
