state={
	id=148
	name="STATE_148"
	history = {
		owner = FNT
		add_core_of = FNT
	}
	provinces={
		332 544 619 645 652 740 807 844 1141 1340 1431 1437 1506 1759 1783 1905 2007 2008 2023 2134 2595 2731 2789 2964 3055 3083 3104 3127 3366 3486 3523 3668 3794 3838 4068 4241 4352 4440 4560 4563 4633 4706 4836 5158 5185 5205 5265 5314 5347 5452 5458 5537 5659 5731 5770 6071 6147 6178 6179 6265 6281 6386 6408 6544 6563 6726 6839 10130 10132 10137 10142 10145 10170 10175 10186 10187 10189 10191 10192 10193 10195 10199 10200 10202 10203 10204 10207 10210 10212 10213 10214 10215 10216 10217 10219 10221 10222 10223 10224 10225 10226 10227 10229 
	}
	manpower=0
	buildings_max_level_factor=1
	local_supplies=0
}
