state={
	id=16
	name="STATE_16"
	history = {
		owner = MIN
		add_core_of = MIN
	}
	provinces={
		76 295 413 427 545 570 573 834 896 1056 1100 1111 1143 1215 1322 1496 1522 1700 1707 1859 2010 2206 2378 2625 2714 2757 2790 2853 2920 3106 3275 3279 3281 3436 3439 4304 4515 4562 4592 4694 4996 5183 5284 5418 5506 5751 5780 5872 5897 5919 6109 6253 6278 6346 6599 6607 6686 6695 6841 9296 9464 9465 9500 9527 9533 9541 9547 9559 9573 9575 9578 9579 9601 9613 9639 9642 9653 9657 9667 9670 9678 9690 9733 9738 9751 9779 9804 13063 
	}
	manpower=0
	buildings_max_level_factor=1.000
	local_supplies=0.000
}
