state={
	id=166
	name="STATE_166"
	history = {
		owner = CAN
		add_core_of = CAN
	}
	provinces={
		7 15 17 20 22 23 24 25 28 29 31 32 34 38 47 48 52 56 67 70 73 74 77 78 79 80 92 100 107 111 112 116 122 131 137 140 141 152 154 166 170 176 188 193 194 197 203 205 210 213 220 224 243 245 246 248 253 261 271 272 278 279 284 289 292 296 300 304 308 313 319 327 336 342 347 355 359 362 364 368 375 377 378 382 396 397 407 409 416 422 429 435 436 444 452 460 464 466 467 468 469 471 472 480 488 490 496 499 500 501 506 516 520 526 527 528 537 540 541 543 550 557 559 563 566 571 577 580 593 600 604 607 609 612 613 636 637 638 641 650 651 658 661 666 667 669 670 672 676 679 680 682 683 686 691 693 702 705 713 715 716 721 724 730 735 741 742 751 753 755 759 760 763 767 771 773 780 782 788 789 795 801 816 818 829 830 831 841 847 850 860 861 868 870 872 875 878 880 893 894 901 902 905 907 908 917 919 920 922 924 926 930 936 938 946 952 956 970 972 976 981 983 993 998 1000 1003 1004 1005 1007 1010 1021 1025 1031 1034 1036 1040 1049 1055 1059 1061 1065 1073 1074 1075 1077 1079 1093 1104 1105 1107 1126 1129 1140 1142 1144 1147 1153 1162 1166 1178 1183 1187 1190 1196 1203 1205 1209 1216 1217 1224 1225 1230 1236 1243 1247 1257 1261 1273 1297 1300 1303 1307 1312 1315 1323 1327 1331 1342 1376 1379 1381 1385 1400 1407 1414 1420 1446 1454 1467 1471 1474 1475 1476 1479 1487 1495 1499 1503 1510 1517 1519 1527 1537 1543 1546 1557 1559 1560 1563 1566 1588 1596 1597 1605 1609 1621 1656 1657 1659 1665 1676 1677 1681 1685 1687 1688 1691 1693 1713 1714 1722 1726 1727 1738 1739 1745 1747 1753 1760 1762 1763 1774 1780 1797 1802 1808 1811 1817 1821 1833 1836 1847 1854 1866 1871 1875 1882 1888 1894 1895 1898 1912 1921 1923 1932 1941 1954 1957 1969 1970 1971 1976 1981 1987 1993 1996 2006 2011 2015 2017 2024 2029 2043 2044 2049 2050 2054 2056 2057 2062 2069 2073 2076 2081 2085 2093 2096 2098 2103 2106 2116 2120 2123 2126 2131 2144 2145 2153 2155 2160 2171 2172 2181 2187 2209 2214 2219 2229 2233 2251 2252 2253 2264 2277 2281 2292 2294 2298 2303 2316 2320 2337 2346 2347 2353 2356 2366 2367 2384 2386 2388 2394 2401 2402 2417 2419 2420 2427 2431 2440 2444 2448 2449 2460 2467 2472 2500 2506 2511 2513 2529 2545 2552 2559 2570 2572 2573 2576 2577 2588 2590 2593 2596 2599 2612 2617 2622 2623 2626 2633 2637 2638 2647 2657 2659 2666 2672 2680 2710 2713 2728 2732 2733 2739 2740 2765 2774 2778 2785 2792 2811 2812 2817 2836 2851 2859 2870 2875 2884 2888 2901 2911 2913 2919 2937 2944 2946 2953 2962 2965 2977 2994 2995 3007 3012 3018 3029 3032 3035 3043 3044 3062 3069 3073 3093 3094 3096 3097 3110 3112 3119 3122 3128 3163 3167 3173 3176 3193 3204 3208 3222 3230 3238 3256 3258 3260 3269 3273 3280 3286 3298 3309 3313 3316 3318 3319 3321 3334 3337 3351 3359 3372 3379 3382 3385 3387 3398 3399 3407 3434 3446 3454 3459 3460 3464 3474 3476 3483 3491 3494 3496 3510 3527 3529 3532 3545 3546 3557 3564 3581 3599 3603 3605 3622 3628 3630 3651 3658 3661 3677 3680 3684 3689 3690 3694 3697 3699 3701 3702 3714 3716 3723 3731 3741 3745 3763 3768 3773 3780 3784 3786 3793 3798 3801 3802 3803 3810 3817 3820 3822 3826 3831 3844 3847 3854 3857 3865 3873 3887 3895 3900 3901 3910 3925 3949 3956 3960 3981 3983 3987 3990 3993 3994 4000 4014 4050 4052 4073 4079 4083 4086 4095 4104 4118 4123 4126 4128 4140 4147 4155 4161 4170 4171 4183 4187 4194 4211 4221 4223 4249 4251 4254 4256 4263 4295 4303 4315 4321 4324 4330 4338 4340 4344 4347 4351 4356 4358 4361 4372 4388 4392 4395 4396 4398 4401 4418 4423 4427 4430 4435 4472 4475 4477 4480 4486 4497 4501 4516 4526 4536 4544 4551 4577 4582 4585 4588 4591 4594 4600 4610 4615 4629 4635 4644 4648 4653 4671 4672 4687 4701 4703 4717 4719 4729 4732 4733 4735 4756 4759 4774 4777 4790 4806 4829 4860 4890 4894 4916 4919 4921 4927 4935 4941 4948 4967 4971 4976 4980 5002 5006 5008 5009 5011 5013 5062 5081 5087 5091 5131 5135 5171 5194 5202 5214 5223 5238 5240 5246 5261 5271 5283 5304 5308 5312 5346 5357 5360 5373 5375 5380 5381 5385 5390 5394 5398 5413 5415 5422 5441 5469 5476 5497 5501 5523 5566 5568 5569 5572 5574 5589 5594 5606 5613 5619 5633 5636 5640 5646 5648 5668 5699 5733 5743 5779 5801 5805 5836 5843 5847 5849 5850 5852 5903 5904 5914 5921 5925 5928 5938 5939 5940 5946 5948 5958 5972 5984 5999 6001 6004 6005 6006 6018 6025 6032 6058 6066 6077 6087 6104 6121 6128 6138 6150 6152 6162 6165 6187 6207 6220 6239 6275 6285 6293 6313 6315 6327 6335 6339 6362 6383 6396 6401 6423 6427 6432 6439 6450 6453 6460 6462 6464 6466 6480 6482 6492 6505 6509 6515 6526 6527 6528 6542 6562 6576 6610 6619 6636 6656 6662 6663 6673 6685 6689 6728 6739 6768 6789 6791 6802 6832 6835 6851 6852 6853 6854 6855 6856 6857 6858 6859 6861 6863 6864 6867 6868 6870 6872 6874 6876 6877 6879 6880 6881 6882 6884 6888 6889 6890 6892 6894 6895 6898 6900 6901 6903 6904 6905 6907 6910 6911 6915 6919 6920 6922 6923 6925 6926 6927 6928 6929 6930 6931 6933 6937 6938 6942 6943 6944 6946 6947 6950 6951 6952 6953 6955 6957 6958 6959 6961 6962 6965 6967 6968 6969 6970 6971 6972 6973 6974 6975 6976 6978 6979 6980 6981 6983 6984 6985 6987 6989 6990 6991 6992 6993 6994 6995 6996 6998 6999 7001 7002 7003 7004 7006 7007 7010 7011 7013 7015 7016 7018 7021 7022 7023 7024 7027 7028 7029 7030 7031 7032 7035 7036 7037 7038 7039 7040 7042 7043 7044 7051 7054 7055 7061 7064 7066 7068 7069 7070 7071 7077 7078 7079 7080 7082 7084 7085 7086 7087 7089 7091 7093 7098 7100 7104 7105 7106 7107 7108 7110 7111 7112 7113 7114 7118 7119 7121 7122 7124 7126 7128 7129 7130 7131 7134 7135 7136 7140 7142 7144 7149 7153 7156 7160 7163 7164 7166 7172 7174 7175 7176 7177 7178 7180 7181 7185 7187 7188 7189 7190 7192 7194 7198 7201 7202 7207 7215 7216 7217 7218 7220 7221 7222 7223 7224 7227 7228 7230 7235 7238 7241 7248 7255 7257 7258 7259 7268 7274 7275 7276 7277 7279 7280 7282 7285 7291 7299 7302 7306 7307 7310 7314 7315 7319 7320 7325 7327 7337 7342 7352 7356 7361 7367 7392 7394 7405 7416 7475 7478 7495 7509 7526 7550 7568 7575 7590 7605 7638 7639 7640 7675 7691 7696 7706 7723 7732 7733 7809 7834 7843 7848 10233 10234 10235 10237 10239 10240 10241 10242 10247 10250 10252 10253 10254 10256 10257 10258 10260 10261 10262 10264 10265 10272 10274 10284 10285 10287 10293 10295 10298 10300 10301 10302 10305 10306 10309 10317 10318 10319 10320 10325 10328 10331 10334 10339 10341 10342 10349 10351 10353 10356 10358 10360 10361 10362 10363 10364 10366 10368 10369 10377 10379 10382 10385 10386 10389 10392 12757 12758 12759 12760 12764 12765 12766 12769 12770 12772 12773 12774 12775 12776 12777 12778 12779 12780 12781 12783 12785 12786 12787 12788 12789 12790 12791 12792 12793 12794 12802 12803 12804 12805 12806 12811 12814 12815 12816 12819 12820 12821 12823 12824 12826 12828 12829 12832 12834 12835 12838 12839 12840 12841 12842 12845 12847 12848 12850 12851 12853 12855 12856 12858 12859 12860 12861 12862 12863 12868 12871 12872 12873 12874 12875 12877 12879 12880 12881 12882 12884 12886 12889 12890 12892 12893 12895 12900 12906 12908 12910 12913 12914 12918 12923 12924 12926 12927 12928 12929 12930 12932 12937 12940 12941 12942 12943 12944 12945 12949 12950 12951 12955 12961 12963 12964 12979 12989 12995 
	}
	manpower=0
	buildings_max_level_factor=1
	local_supplies=0
}
