state={
	id=6
	name="STATE_6"
	history = {
		owner = TST
		add_core_of = TST
	}
	provinces={
		157 167 419 433 439 535 643 892 955 1200 1204 1320 1355 1356 1404 1419 1432 1550 1789 1790 1951 2169 2194 2239 2243 2287 2491 2594 2770 2793 2905 2971 3140 3285 3320 3355 3565 3891 3899 3982 4195 4287 4354 4359 4523 4632 5280 5510 5732 5796 5870 5899 6011 6257 6318 6380 6756 6776 7288 7297 7304 7328 7424 7425 7466 7518 7548 7617 7632 7650 7653 7735 7819 13010 13011 13017
		#615 1249 1347 1788 2654 3368 3593 4461 4510 5337 5846 6219 6440 7195 7209 7233 7239 7252 12953 	
	}
	manpower=0
	buildings_max_level_factor=1.000
	local_supplies=0.000
}
