state={
	id=7
	name="STATE_7"
	history = {
		owner = TST
		add_core_of = TST
	}
	provinces={
		168 187 252 322 328 331 349 358 473 489 536 538 569 579 583 664 719 737 750 766 790 909 965 973 987 1027 1117 1149 1213 1231 1244 1277 1285 1304 1353 1445 1460 1541 1679 1822 1872 2058 2070 2162 2192 2304 2322 2423 2489 2521 2684 2772 2781 2845 3135 3199 3249 3308 3310 3325 3468 3520 3542 3554 3558 3650 3722 3737 3969 4018 4250 4273 4274 4346 4375 4446 4469 4614 4643 4665 4700 4715 4720 4993 5088 5125 5472 5693 6013 6400 6428 6651 7162 7213 7231 7265 7271 7309 7324 7330 7339 7349 7385 7389 7408 7409 7421 7434 7443 7447 12974 12981 
	}
	manpower=0
	buildings_max_level_factor=1.000
	local_supplies=0.000
}
