state={
	id=92
	name="STATE_92"
	history = {
		owner = JUA
		add_core_of = JUA
	}
	provinces={
		108 158 172 456 486 505 542 576 678 720 793 840 859 986 1022 1133 1150 1449 1544 1567 1577 1764 1889 2039 2104 2318 2325 2382 2418 2558 2561 2725 2852 2878 2963 2992 3042 3227 3292 3417 3663 3679 3734 3761 3986 4071 4455 4508 4626 4707 4943 5068 5099 5166 5188 5591 5672 5810 6180 6223 6586 6635 6812 9548 9580 9595 9612 9655 9680 9735 9760 9776 9793 9815 9816 9831 9848 9850 9857 9879 9880 9896 9899 9932 9947 9955 9956 9969 13080 
	}
	manpower=0
	buildings_max_level_factor=1
	local_supplies=0
}
